treebank 	Norwegian-Nynorsk	English-LinES	French-Sequoia	Finnish-FTB	Indonesian-GSD	Ukrainian-IU	Dutch-LassySmall	Portuguese-Bosque	Italian-PoSTWITA	Latin-ITTB	Estonian-EDT	Croatian-SET	Gothic-PROIEL	Italian-ISDT	Norwegian-Bokmaal	Latvian-LVTB	Vietnamese-VTB	Greek-GDT	Spanish-GSD	Catalan-AnCora	English-EWT	Swedish-LinES	Russian-SynTagRus	Czech-PDT	Polish-LFG	Basque-BDT	Slovak-SNK	Spanish-AnCora	Finnish-TDT	Ancient_Greek-Perseus	Romanian-RRT	Latin-PROIEL	Hungarian-Szeged	Turkish-IMST	Slovenian-SSJ	Swedish-Talbanken	Italian-ParTUT	Czech-FicTree	Bulgarian-BTB	Ancient_Greek-PROIEL	Czech-CAC	Japanese-GSD	Korean-Kaist	English-GUM	Romanian-Nonstandard	German-GSD	Old_Church_Slavonic-PROIEL	Danish-DDT	Afrikaans-AfriBooms	French-GSD	Dutch-Alpino	Polish-SZ	Serbian-SET	Russian-GSD	English-ParTUT	Uyghur-UDT	Russian-avg	English-avg	Japanese-GSDOrig	Japanese-GSDLUWOrig	Japanese-GSDOrig1	Japanese-GSDOrig2	Japanese-GSDLUWOrig1	Japanese-GSDLUWOrig2
Norwegian-Nynorsk	1.0	0.9778115671570038	0.9765308479263198	0.8187924747373792	0.9875814594399298	0.973313307752002	0.9798361477936494	0.9781862782838584	0.9946978161203816	0.8516928331976047	0.9570996104088838	0.9930448272470087	0.8928998315763603	0.9937440653513385	0.9994807839114416	0.8459170137754396	0.8933967206451313	0.9286215562225041	0.9947334341826287	0.9942747785326409	0.9800196870886284	0.9932859612846588	0.9280841454520085	0.9006753936112362	0.9194549336351263	0.708503083146694	0.9476264818523975	0.9954197354634662	0.7503425721238988	0.9557166429873855	0.990223247457528	0.9480008265190897	0.9796221079621089	0.8656866816814499	0.9797400415322243	0.9548478905826109	0.9915418854464835	0.9089143578446109	0.943010301781733	0.9337831423312012	0.9119589890564173	0.8927052215007781	0.8927352233688028	0.9998518065562225	0.9207507850108835	0.9494567853867041	0.8870008577936987	0.9916231070343594	0.9811219622626735	0.9941602574411701	0.9800542741484305	0.9684776653066444	0.9976251114914356	0.9069777195944956	0.999913169002602	0.867462694601016	0.9176088320475314	0.9978359719325142	0.8923192445752157	0.8905401363654013	0.9109851379257858	0.909799948372562	0.9159287410981723	0.9112430251190791
English-LinES	0.9778115671570038	1.0	0.9990027642319326	0.9194616941400914	0.9860447388140057	0.9981539337440168	0.9165693779876768	0.9993611419746324	0.993774604920296	0.9408946327442413	0.994084376419046	0.9934207469393199	0.9655103215644081	0.9935926436090128	0.9705902373687583	0.9378090401758273	0.7872934757717144	0.9845044970748558	0.9935871159374257	0.9942264293996058	0.9998885011868601	0.9953014917742716	0.9838846418833634	0.9706705502069114	0.9808172401741458	0.8395156554600781	0.9927369103895417	0.9929054822947034	0.8707325095216973	0.9917218153831135	0.9965587655913493	0.9913457296251371	0.9985730175323517	0.9485927360125664	0.9990715154793931	0.9952571607727081	0.9950011986354597	0.9756478774931024	0.9910831005423505	0.9840632152909053	0.9765907422553373	0.7853539956971801	0.7874147326975476	0.9745323962904037	0.9797548310861706	0.9931917636166899	0.9601649736921505	0.9965708386374676	0.9207989559647461	0.9932583808976563	0.9166891344612063	0.998073625053036	0.9813183427245642	0.9725365388617028	0.9775700813744249	0.9506093073053625	0.9784489784835055	0.9893982612736731	0.7848901238130206	0.7827686337677309	0.9735096065901715	0.9728953276583093	0.9755749246434083	0.973631866434737
French-Sequoia	0.9765308479263198	0.9990027642319326	1.0	0.9225853452890345	0.987772619479796	0.9991319163458174	0.9156411728636088	0.999717148562795	0.9932499111216618	0.9432680153498605	0.9961754653212653	0.9943188467890436	0.9676241402051561	0.994168845868804	0.9691904277420096	0.9400524891206823	0.7908285414878656	0.9862771858190276	0.9933740971788704	0.9939108903888594	0.9988021233947375	0.9947469930084971	0.9857916893510429	0.9722818567941849	0.9819307110196867	0.8430229501467387	0.9936693771020991	0.9926222884821535	0.8740677176998308	0.9950132550778544	0.9968892683328311	0.9933149725849014	0.9993441496169952	0.9527236249761153	0.9997154948391918	0.9959874797664817	0.9957778556523708	0.9766314576601722	0.9920343024554117	0.9865493980563246	0.9783385227984162	0.7888709880510482	0.7908333130230863	0.9729980642263869	0.9807917485371136	0.994040230503252	0.962953591762892	0.9956637270870737	0.9173727481592178	0.9936977851240948	0.9151960172793422	0.9990696762995864	0.9826514951763821	0.9750341267504261	0.9761684769977303	0.9538947326957715	0.9806604127348093	0.9880804995300086	0.7883949732429194	0.7864250519793319	0.9762177109805555	0.9765698934863546	0.9779785648041495	0.9758543704013123
Finnish-FTB	0.8187924747373792	0.9194616941400914	0.9225853452890345	1.0	0.8721886984576591	0.9276756085082098	0.6913031942642561	0.9200593955939148	0.872395094473653	0.9936796169104631	0.9484527867634372	0.8779689810932789	0.9847481529661153	0.876022413673042	0.7999582308600814	0.9986315795386967	0.5107291376436084	0.9711970244341677	0.8731622222648094	0.8750865947749691	0.915325498772617	0.879590372279583	0.9731896124460224	0.9867341823084569	0.9784332836270723	0.9850053893312694	0.9592255654788888	0.8697571738903933	0.9937048144574759	0.9452503452038871	0.8902127376810577	0.9547973992894477	0.9163719264604262	0.9944015025025618	0.9168307910775813	0.9520564983630457	0.8835385812627555	0.9828849338927221	0.9630544065170442	0.9611674763467632	0.9821777291323991	0.506605894334319	0.5134757781684278	0.809852840412376	0.9701955528915631	0.9571393923756829	0.9816179876328083	0.8856165484426015	0.6939606368415431	0.8746195949083155	0.6898424528593764	0.9357769635176288	0.8373486818362432	0.9827787910753979	0.8178839870456012	0.9950114297767088	0.9785140779681457	0.8538788046779167	0.5059536048848609	0.5039271785621618	0.9788763339791412	0.9805963334859318	0.9752055561714891	0.9782412892373711
Indonesian-GSD	0.9875814594399298	0.9860447388140057	0.987772619479796	0.8721886984576591	1.0	0.9895332446754895	0.9513570296383743	0.9897716720702133	0.9917204944468598	0.8921058804432379	0.9809644320858504	0.9951511164449971	0.9242235732749082	0.9936783719034182	0.9835490122856715	0.8947689156568218	0.8635955627220854	0.9531039066329581	0.9941372314607329	0.9928506733160974	0.9878231235056083	0.9935014377115404	0.9604842614042151	0.9383662128331437	0.950527637157171	0.7757344921011361	0.9714221414520082	0.9937557798678733	0.8148089218746315	0.9752815150147582	0.9933857202342082	0.9670222376266454	0.9922105499797406	0.910964689531288	0.9893253242636765	0.9762449667629071	0.9922566913466746	0.9401787911164002	0.9685255628643424	0.9531073859968812	0.9468881019509613	0.8606817784388403	0.8650529112995885	0.986222361006925	0.941967893144473	0.9733348641170492	0.9169595268371018	0.9931134883738393	0.9454451249195712	0.994914713328208	0.948982577607334	0.9852977800304407	0.9922201673255574	0.9473880838662062	0.987618482673025	0.9123178855215254	0.9541403790699803	0.9919531744104904	0.860281824621452	0.8589985178784061	0.9525874766760094	0.9504563421700819	0.9569135471888791	0.9527098046400149
Ukrainian-IU	0.973313307752002	0.9981539337440168	0.9991319163458174	0.9276756085082098	0.9895332446754895	1.0	0.9109655154444675	0.9994861753118398	0.9906685825725245	0.9446919385888409	0.9979806666676352	0.9927966144459985	0.9678862588398561	0.9920379878832805	0.9655218951196239	0.9447535609941956	0.7879904946575814	0.9862753941133114	0.9915894897857471	0.9917134750745245	0.9981616614009626	0.9929802736576111	0.9886031333868334	0.9757183506805666	0.9841386322575857	0.849608613487606	0.9951162159078613	0.9905890043202494	0.8809021906896782	0.9948569535401297	0.9953400563179365	0.992577165443811	0.9994374789788981	0.9560296362535672	0.9990170451831146	0.9969123997130005	0.9932639343564762	0.9784600367275126	0.993637778037739	0.9851139358128742	0.9812209612260951	0.785599470084576	0.7892031559237451	0.9697742436229715	0.9795929550970852	0.9956785243849094	0.9623902236956526	0.9942608566848931	0.910850858644172	0.9920580836487305	0.9099817182853014	0.9996251276388158	0.9798903300449938	0.9793571790757724	0.9729005811657943	0.9572967289274857	0.9842501577361058	0.9856268361657747	0.7850773059923379	0.7832836751650663	0.9809987678722183	0.9806185451651076	0.9829750112894547	0.98097262804703
Dutch-LassySmall	0.9798361477936494	0.9165693779876768	0.9156411728636088	0.6913031942642561	0.9513570296383743	0.9109655154444675	1.0	0.9186213870538502	0.9545428644980585	0.7325669459002419	0.8842646316924693	0.9525453598531926	0.7874323850740739	0.953364896334164	0.9856027298255429	0.7256027983268895	0.9613463733654557	0.8375746603924721	0.9552315189882189	0.9535182312735054	0.9209737652232732	0.9507739016045456	0.8386430624219636	0.7986183306085546	0.8243185469330442	0.5567943416128949	0.8667741494750069	0.9571276597618431	0.6073692146760449	0.8831148826563584	0.9438912996292725	0.8681340768471797	0.9225183851043737	0.7532578249356913	0.9215451780484142	0.878232459089829	0.947740862976417	0.808658742360998	0.8596680520678378	0.8472848787127232	0.8144988288433688	0.9614520495700257	0.9600831093726845	0.982727278818081	0.8262284120129774	0.8699706750779175	0.7809292102349106	0.9463618125308052	0.9969010550915414	0.9546780773369031	0.9997724534541831	0.9015164400854169	0.9728574812274675	0.8098316844653892	0.9800169051573039	0.7546970298549515	0.824170163348645	0.9648121138544025	0.9611889343088653	0.9599145175961341	0.8171380382867439	0.8151533460675208	0.8247511970306042	0.8174314726511963
Portuguese-Bosque	0.9781862782838584	0.9993611419746324	0.999717148562795	0.9200593955939148	0.9897716720702133	0.9994861753118398	0.9186213870538502	1.0	0.9938511047494432	0.9402167892068191	0.9959476299375217	0.9949098012264376	0.9649606724257396	0.994598612789899	0.9710168433721786	0.9381535774786125	0.7955114613577877	0.9843531405754243	0.9942534418869833	0.994585496182552	0.9993773739702397	0.9956104719512215	0.9851152702005203	0.9711698953960461	0.9808869572442862	0.8393621851079015	0.9932179137379429	0.9935000397901614	0.8711625046804926	0.9936283159050383	0.9973472265190757	0.9917500806650278	0.9997622312712581	0.9502071474386147	0.9997338077907134	0.995669040815814	0.9958271882461929	0.9751567674502611	0.9915211085143344	0.984086499186487	0.9772453703783995	0.7933722724718122	0.795929171955347	0.9749045686822416	0.9784865871948597	0.993735954941954	0.9597135655442668	0.996626415086036	0.9201477200324104	0.9944268047570265	0.9180817461859816	0.9990127981150361	0.9834760252422663	0.9743326498045454	0.9778896204888808	0.9516893009930925	0.9799708365180498	0.9894137755494558	0.7929076939600962	0.7909743782249467	0.9758920231406786	0.9755339285278481	0.9779941804061099	0.9757654011862834
Italian-PoSTWITA	0.9946978161203816	0.993774604920296	0.9932499111216618	0.872395094473653	0.9917204944468598	0.9906685825725245	0.9545428644980585	0.9938511047494432	1.0	0.9002914310319897	0.9804718364776843	0.9990356918237769	0.9338468147099	0.9995999589907502	0.9909523129943925	0.8951017369480077	0.8468646575394932	0.9616623977797458	0.999755595466768	0.9999315843590434	0.9947875326760321	0.9997195514192918	0.9602324778185923	0.9395123264720526	0.9543295487893534	0.7762428299689625	0.9747344852198517	0.9997970585750058	0.8129144276562041	0.9794418083663348	0.9989815962839184	0.9750492929074751	0.9942285974477718	0.9113309854952076	0.9947992780853133	0.9797088605375015	0.9993131887403953	0.9464831809389335	0.9714925319900187	0.964618670188997	0.9483763193838508	0.845731709224795	0.8463252309653025	0.9928985809532227	0.9552633237737264	0.9758847394241015	0.9285572384566582	0.9993178296422209	0.957134824878785	0.9994524489846186	0.9547440547351541	0.9882973935158568	0.9957653246301187	0.9435784031388654	0.994467754801049	0.9129521025532076	0.9520592754701626	0.9990780177349782	0.8452803393359927	0.8433274642759006	0.9459278497123347	0.9455954724896619	0.9493236765413042	0.9459798956781187
Latin-ITTB	0.8516928331976047	0.9408946327442413	0.9432680153498605	0.9936796169104631	0.8921058804432379	0.9446919385888409	0.7325669459002419	0.9402167892068191	0.9002914310319897	1.0	0.9611930665624	0.9039412031789955	0.9961975727145318	0.9029321133770648	0.8347202627562565	0.9953972663303615	0.5536864403871694	0.9844010874387624	0.8997626498961521	0.9023277108324054	0.9364883390003524	0.9059797556335699	0.9809298974583659	0.9902394891783979	0.9861165380185403	0.9687645666261262	0.9716401433235906	0.897225979683831	0.9793245791308887	0.9632932950990437	0.9155368854240311	0.97317961826864	0.9358160967793866	0.9969291589140389	0.937873070458614	0.9662890461859939	0.9107251396604851	0.990493514319134	0.9746470562297541	0.9795567530524404	0.9879045734930769	0.5505412541359322	0.5534462090624569	0.8433630475050988	0.9871913523617457	0.9685190276777982	0.9955141745108185	0.910670571737115	0.7384506937679989	0.9007811982649324	0.7321943779512883	0.952379345951611	0.8688831781971239	0.9853950399184412	0.8510063750708171	0.997170278226835	0.9836230843313034	0.8833646653972622	0.5502298759709212	0.5477485759599426	0.9815749077808958	0.9842251886503665	0.9778270625517859	0.9795013830192771
Estonian-EDT	0.9570996104088838	0.994084376419046	0.9961754653212653	0.9484527867634372	0.9809644320858504	0.9979806666676352	0.8842646316924693	0.9959476299375217	0.9804718364776843	0.9611930665624	1.0	0.9839123806708514	0.9794909607627248	0.9827258424812183	0.9474601731150504	0.9624362662904803	0.753544818749972	0.9930144521987793	0.9816434247502379	0.9819297767772487	0.9934656442156075	0.9836522947772006	0.9957543817860001	0.9867511609057074	0.9923297063752302	0.8796198036428197	0.9986545233635136	0.980197576346559	0.9077222222433098	0.9971404601705348	0.9877067240299859	0.9959486627194015	0.9955260404237647	0.9720559345913353	0.9951596555215644	0.9988687059407811	0.9849012706870479	0.9880610955986904	0.9979586565955635	0.9906999748627997	0.9907391985068057	0.750868994652736	0.7552405074839275	0.9525965612683409	0.9867234278591375	0.9987712495068571	0.9745282866438006	0.9855761820960474	0.8832294891932698	0.9825564523281525	0.8829236377717958	0.9988461189861796	0.96667848621919	0.9897194333629157	0.956502723655083	0.9728457235667856	0.9930551753867878	0.9730383912446934	0.7503028254066073	0.7485513058612677	0.9906395069124083	0.9909100356652341	0.9916643137711997	0.9903758814709124
Croatian-SET	0.9930448272470087	0.9934207469393199	0.9943188467890436	0.8779689810932789	0.9951511164449971	0.9927966144459985	0.9525453598531926	0.9949098012264376	0.9990356918237769	0.9039412031789955	0.9839123806708514	1.0	0.9367197704229525	0.9998356504707606	0.9889959973729032	0.8998624032063911	0.8499430020626816	0.9637382575040697	0.9995970865489351	0.9994321692249978	0.9944439408964013	0.9993121103076134	0.9639925607844237	0.9432133843914619	0.9570158695991092	0.7826161654109547	0.9770419766544419	0.9994766765070896	0.8193571372936445	0.9832623031614104	0.9994680198201022	0.9773998437555683	0.995665526281291	0.9173085813151836	0.9958486405218784	0.981447586554482	0.9994369094752972	0.9489030102533647	0.9738246822274651	0.967056587569122	0.9519259988238368	0.848655138635356	0.8500419950591815	0.9910668706504034	0.9566290458338549	0.9779520634477633	0.9318765544778796	0.9987715437169032	0.9519137805885792	0.9998969472422492	0.9520257905731297	0.9901707630088323	0.9966165420798544	0.9485023503206362	0.9926342527223844	0.9181433058536769	0.9564192585431867	0.9977348848372144	0.848215459787119	0.8464678243930204	0.9513427908479738	0.9513754223387083	0.9545522952515535	0.9509914500406456
Gothic-PROIEL	0.8928998315763603	0.9655103215644081	0.9676241402051561	0.9847481529661153	0.9242235732749082	0.9678862588398561	0.7874323850740739	0.9649606724257396	0.9338468147099	0.9961975727145318	0.9794909607627248	0.9367197704229525	1.0	0.9360612791048214	0.87833440250658	0.9903462376358276	0.6192424338378947	0.9955875357346157	0.9332374909003931	0.9354725994836587	0.9620102458635408	0.9382101382469453	0.9914282443084174	0.9949610433214318	0.9947189110811965	0.9452956888919274	0.9869337818533119	0.9311927572192599	0.960882378830698	0.9822988589876914	0.9461622568776236	0.989334798351698	0.9612206092321982	0.9956373471622381	0.9636347721861639	0.9832903926753083	0.9424471466221129	0.9970650046456883	0.9885916065794561	0.9932306674169682	0.9948888254599447	0.6168463601780511	0.6189514941147987	0.8855931643744521	0.9971748165617998	0.9843344205102524	0.9990895840745703	0.9418332120326708	0.7927510284335693	0.9341045970131041	0.7873711809205739	0.9738799342516922	0.9076027158509156	0.9914333272228588	0.8920910311649222	0.9957313533375648	0.991832639860564	0.91949944073224	0.616482961979571	0.6140517922878711	0.9884178497592014	0.991162440304021	0.9857657184711536	0.9865334769308413
Italian-ISDT	0.9937440653513385	0.9935926436090128	0.994168845868804	0.876022413673042	0.9936783719034182	0.9920379878832805	0.953364896334164	0.994598612789899	0.9995999589907502	0.9029321133770648	0.9827258424812183	0.9998356504707606	0.9360612791048214	1.0	0.989819465316414	0.8981173992012262	0.8487522827920031	0.9633616264567583	0.9997788168253611	0.9997901239490745	0.9945744276717076	0.9995551527091587	0.9626260262460231	0.9418562394887933	0.9561000836158927	0.7803837649778473	0.9762510593579278	0.9997294558701002	0.8169945645458426	0.9822598421568827	0.999457285791549	0.976914798425748	0.9952065238935067	0.9153693675298458	0.9956402281288943	0.9808800859817838	0.9997209232978784	0.9481526047720686	0.973014996823177	0.966730654590269	0.9506736962073381	0.8475835689397844	0.8484872099415507	0.9917853688377763	0.9565548661327052	0.9772376849649176	0.9311957972305377	0.9990098788774386	0.9539560643880323	0.9999005157887086	0.953137493970927	0.989584756615902	0.9965766501405356	0.9466194873703989	0.9933830923296699	0.9164060919128592	0.9547867108146901	0.9982826233423682	0.8471330524325366	0.8453033209176849	0.9491933609544421	0.9493007928841904	0.952403773979739	0.9489349554193235
Norwegian-Bokmaal	0.9994807839114416	0.9705902373687583	0.9691904277420096	0.7999582308600814	0.9835490122856715	0.9655218951196239	0.9856027298255429	0.9710168433721786	0.9909523129943925	0.8347202627562565	0.9474601731150504	0.9889959973729032	0.87833440250658	0.989819465316414	1.0	0.8283325982304268	0.9055862017242349	0.9164249045218079	0.9909593254088643	0.9903698893566254	0.9731242299687621	0.9890536026137007	0.9156891035514344	0.8862478225312741	0.9063435751941454	0.6854699097497363	0.9368854905913861	0.9918653897268356	0.7287083737759156	0.9463570650169867	0.9853205459426716	0.9376548078419339	0.9727278688885046	0.8494033611050017	0.9728754656346411	0.9448003010765265	0.9870982955940107	0.8950874796599689	0.9318244249921349	0.9225134958996981	0.8983158480965809	0.9051337027930155	0.9047571458297073	0.9998065019099678	0.9082578275788179	0.9388879757042234	0.872433204236801	0.9869482785009832	0.9866548390107075	0.990318454068326	0.9859027964814203	0.9600183101280289	0.9961124914566659	0.89307781682371	0.9994123858685768	0.8511439921587943	0.9044350744056485	0.9952178361028725	0.9047632161608518	0.9030251629180183	0.8974684221167146	0.896232337746834	0.9028100834038943	0.89773747519547
Latvian-LVTB	0.8459170137754396	0.9378090401758273	0.9400524891206823	0.9986315795386967	0.8947689156568218	0.9447535609941956	0.7256027983268895	0.9381535774786125	0.8951017369480077	0.9953972663303615	0.9624362662904803	0.8998624032063911	0.9903462376358276	0.8981173992012262	0.8283325982304268	1.0	0.5500289352681866	0.98079914827603	0.895848076276598	0.8975606550896247	0.9341980103306978	0.9018640401187434	0.9832276620603118	0.9935569690772874	0.9873712884185314	0.9754535121342831	0.9718796744109223	0.8927509622233509	0.9872434869321276	0.958395583314179	0.9111573750268457	0.9670361111879745	0.9348855375680298	0.996953722541526	0.9349362400180476	0.9660299587583965	0.9048750982272364	0.9904645940501897	0.9751700076945043	0.9712016531528291	0.9901953939404716	0.5458621503945099	0.5524598283386992	0.8377295415966589	0.9791129375419084	0.9702274884682445	0.9864450638626167	0.9074635188558491	0.728649748744521	0.8969753970358499	0.7242244918925255	0.951764456262654	0.8622947966108903	0.9904926458939796	0.8452366497474403	0.998087687691215	0.9873612596718753	0.8785164889773741	0.5452578863454666	0.5431959156313322	0.9874267827723613	0.9883191488727066	0.9846295355423994	0.9870054567790012
Vietnamese-VTB	0.8933967206451313	0.7872934757717144	0.7908285414878656	0.5107291376436084	0.8635955627220854	0.7879904946575814	0.9613463733654557	0.7955114613577877	0.8468646575394932	0.5536864403871694	0.753544818749972	0.8499430020626816	0.6192424338378947	0.8487522827920031	0.9055862017242349	0.5500289352681866	1.0	0.6821317395827576	0.8507332158186521	0.8464954231766122	0.7942447640570371	0.8423540367288657	0.6914926370987307	0.6379545615937051	0.6674393734003825	0.35686279847057867	0.7238271383857446	0.8535594609029884	0.415812059298562	0.7517697717871372	0.8332750453127974	0.7249734246497515	0.8037856272436188	0.5882269652554514	0.7991012214395086	0.7389274073385568	0.8390512010907643	0.645037189409507	0.7145623997380688	0.6960870477256332	0.6580952647795099	0.9997407348735078	0.9992770290896547	0.8995862083333853	0.6641290375040557	0.7283479190699612	0.6125043090555455	0.8345362722435505	0.9438361938142973	0.8518677466587335	0.9580271956177919	0.7724391290626226	0.8880065556765186	0.6588625502403884	0.8938983029538357	0.5876958634686781	0.6749967955046726	0.8646660760293098	0.9997628316798582	0.9997740941198657	0.6719921917086347	0.6691154613884385	0.6823272717886579	0.6713083522166274
Greek-GDT	0.9286215562225041	0.9845044970748558	0.9862771858190276	0.9711970244341677	0.9531039066329581	0.9862753941133114	0.8375746603924721	0.9843531405754243	0.9616623977797458	0.9844010874387624	0.9930144521987793	0.9637382575040697	0.9955875357346157	0.9633616264567583	0.9164249045218079	0.98079914827603	0.6821317395827576	1.0	0.9612571365668937	0.9628899719638321	0.9822613459601574	0.9648983973974228	0.997208824163482	0.9951069847139483	0.998225923425791	0.9175731230286419	0.9970252290456562	0.9595517834967916	0.938741162427636	0.9937642516726727	0.9708348491450691	0.9976646849884003	0.981853164071096	0.9878751208686168	0.9836320827637108	0.9953070044214335	0.9679917558428783	0.9978915072795828	0.9974971918627038	0.9979106053041829	0.9970418718261067	0.6799574688843057	0.6824152103271154	0.9225129034487854	0.9983551293231638	0.9957784610662433	0.992884374400655	0.9677535126228817	0.8417730334841892	0.9619282527896391	0.8374497428214195	0.9902881540018444	0.9400109234828589	0.9935986090265752	0.9278546909802878	0.9884413380996799	0.9957568328448928	0.9501865709325279	0.6794322167819239	0.6771943553592887	0.9917584965667989	0.9937738462020165	0.9907138255585247	0.9908146111283099
Spanish-GSD	0.9947334341826287	0.9935871159374257	0.9933740971788704	0.8731622222648094	0.9941372314607329	0.9915894897857471	0.9552315189882189	0.9942534418869833	0.999755595466768	0.8997626498961521	0.9816434247502379	0.9995970865489351	0.9332374909003931	0.9997788168253611	0.9909593254088643	0.895848076276598	0.8507332158186521	0.9612571365668937	1.0	0.9999134260786176	0.994742070115553	0.9998252188493146	0.9612516955845237	0.940264926558973	0.9546823786017309	0.7767094077115272	0.9752549752655559	0.9999628502470099	0.8138480121452716	0.9800470329885845	0.9992390289520406	0.9748844603337452	0.9949044197786606	0.9121957482885115	0.9950676995573652	0.9800736698048383	0.9992258368996427	0.9464588044020141	0.9719890537989078	0.9639796203936334	0.9490751781643582	0.8494285955478387	0.8507163964641837	0.9929927038816417	0.954201134989751	0.976443360264281	0.9277524503470609	0.9994227615548564	0.956305897918728	0.9998821298347335	0.9550619040812066	0.9888870373529111	0.9963970570718145	0.9450981489140114	0.9944607562106103	0.9136636573555758	0.9533362422276643	0.9990444152038431	0.8489747751951611	0.8471390262468549	0.9478521137968146	0.9473031396771474	0.9513729051842861	0.9479077880768497
Catalan-AnCora	0.9942747785326409	0.9942264293996058	0.9939108903888594	0.8750865947749691	0.9928506733160974	0.9917134750745245	0.9535182312735054	0.994585496182552	0.9999315843590434	0.9023277108324054	0.9819297767772487	0.9994321692249978	0.9354725994836587	0.9997901239490745	0.9903698893566254	0.8975606550896247	0.8464954231766122	0.9628899719638321	0.9999134260786176	1.0	0.9952298325171189	0.9998794713936195	0.9620280223209315	0.9414706830787056	0.955921581009811	0.7794620720608368	0.9760536651537188	0.9998969493371567	0.8160783704537455	0.9808243980854873	0.9993594101675786	0.9762071051272827	0.9950180328219485	0.9138391646203564	0.9954559517298517	0.9808311293582826	0.99948219258011	0.948049512706472	0.9728570360307855	0.965784302635358	0.9502108884100551	0.8452822079952075	0.8461754170738796	0.9924208007205823	0.9563736201072452	0.9771271468520543	0.9302299711982389	0.9995105679428651	0.9554027546979288	0.9997250199019524	0.9535440309921983	0.9893006749279148	0.9958892539423736	0.945794799537398	0.9940098348044352	0.915327682971482	0.954071919779798	0.9989180884185996	0.8448381530091138	0.8429288436286587	0.9482643594671157	0.9479105549458244	0.9516151724320985	0.9482440354556246
English-EWT	0.9800196870886284	0.9998885011868601	0.9988021233947375	0.915325498772617	0.9878231235056083	0.9981616614009626	0.9209737652232732	0.9993773739702397	0.9947875326760321	0.9364883390003524	0.9934656442156075	0.9944439408964013	0.9620102458635408	0.9945744276717076	0.9731242299687621	0.9341980103306978	0.7942447640570371	0.9822613459601574	0.994742070115553	0.9952298325171189	1.0	0.9962553223097318	0.9822462552762689	0.9682908672208199	0.9787626453297725	0.8336287685660665	0.9915623538305255	0.9940821750292278	0.8656515519538668	0.9905155336160216	0.9972168984434064	0.989595859177655	0.9988171016926224	0.9450146985894191	0.9991114827529319	0.9942986217207519	0.9956504784085454	0.9731464337320864	0.9897506215287006	0.9816685850665615	0.9744242717898588	0.7922871544047596	0.7946254111293286	0.9769387816760616	0.9768902920339482	0.9922432125275971	0.9562900270945657	0.9974573047220847	0.9247939524756174	0.9943939881442185	0.9210175489878542	0.9977296402989633	0.9830339351451934	0.9705732096800185	0.9797790686277359	0.9471201872065957	0.9766428655155937	0.9909026906133634	0.7917952071199784	0.7897314466255936	0.9717879468812359	0.970944584593614	0.974127595003741	0.9721025690819189
Swedish-LinES	0.9932859612846588	0.9953014917742716	0.9947469930084971	0.879590372279583	0.9935014377115404	0.9929802736576111	0.9507739016045456	0.9956104719512215	0.9997195514192918	0.9059797556335699	0.9836522947772006	0.9993121103076134	0.9382101382469453	0.9995551527091587	0.9890536026137007	0.9018640401187434	0.8423540367288657	0.9648983973974228	0.9998252188493146	0.9998794713936195	0.9962553223097318	1.0	0.9647169792097338	0.9447685641712138	0.9587033722165992	0.7853294772659496	0.978129914762815	0.9997372889280632	0.8216601599504949	0.9818549112312077	0.9995283648986042	0.9776370210165418	0.9960211678758403	0.9173364512447907	0.9961628379990028	0.9827743448393814	0.9993268536986643	0.9509033738746184	0.9751320647024887	0.9671033665683537	0.9532090853477763	0.8408866363676444	0.8421427844203346	0.9913834885571087	0.9583538365400788	0.9792108905404381	0.9326845308269066	0.9998392516566126	0.9527056003726915	0.9995876013814652	0.9506867757822094	0.9906393283824299	0.9949313704664903	0.9491164194086521	0.9931040452646854	0.9190344567633476	0.9570872367523384	0.9986316103233964	0.840462486340378	0.838547303697638	0.9516769917058214	0.9509476284367201	0.955035215489354	0.9517215036756714
Russian-SynTagRus	0.9280841454520085	0.9838846418833634	0.9857916893510429	0.9731896124460224	0.9604842614042151	0.9886031333868334	0.8386430624219636	0.9851152702005203	0.9602324778185923	0.9809298974583659	0.9957543817860001	0.9639925607844237	0.9914282443084174	0.9626260262460231	0.9156891035514344	0.9832276620603118	0.6914926370987307	0.997208824163482	0.9612516955845237	0.9620280223209315	0.9822462552762689	0.9647169792097338	1.0	0.9974138558616022	0.9991092980495417	0.9191389172429254	0.9981657700332356	0.9592627512929175	0.9420281809815719	0.992216556236598	0.9704259887500314	0.9945684603961966	0.9837188615555712	0.9884565473961504	0.9833485794207474	0.9964634422007972	0.9663819389097973	0.9972436897390405	0.998862886091517	0.9922343710876153	0.9989582036641085	0.6881775751863327	0.6933120171919062	0.9223659696264717	0.9925248936825766	0.9976979058558562	0.9866525234948793	0.9679277068311273	0.8392676660240076	0.9621584394573404	0.8372788455814829	0.9915070759475199	0.9397651162546078	0.9983787041029268	0.9275452219358588	0.9895418025859627	0.9995717008114566	0.9498258796534818	0.6876249593669798	0.6857267208521985	0.9980682866158886	0.9983030342278488	0.9978793547620456	0.9977518562506724
Czech-PDT	0.9006753936112362	0.9706705502069114	0.9722818567941849	0.9867341823084569	0.9383662128331437	0.9757183506805666	0.7986183306085546	0.9711698953960461	0.9395123264720526	0.9902394891783979	0.9867511609057074	0.9432133843914619	0.9949610433214318	0.9418562394887933	0.8862478225312741	0.9935569690772874	0.6379545615937051	0.9951069847139483	0.940264926558973	0.9414706830787056	0.9682908672208199	0.9447685641712138	0.9974138558616022	1.0	0.9988287816023312	0.9443388583013665	0.9922332027272827	0.9378369949932541	0.9629935186522407	0.982825367405213	0.9517075490089177	0.9879268030806424	0.9689027877242212	0.9950604583558297	0.9689133072278422	0.9888909075731254	0.9467399673236092	0.9989973176958786	0.9938846679747496	0.9881890007825059	0.9996041620976259	0.6344283829029203	0.6401462395122844	0.8939815794837207	0.9916718861584147	0.9913718326433529	0.9903556044124558	0.949020137166949	0.8009553318558165	0.9411035405185333	0.797478938873754	0.9803170147965612	0.9134991609823052	0.9990004063574115	0.9000357596691666	0.9963270200420744	0.9986337554027598	0.9266976801428629	0.633814003789804	0.6318090881441055	0.9973727088882693	0.9978180776372243	0.9962079677940971	0.997222813541032
Polish-LFG	0.9194549336351263	0.9808172401741458	0.9819307110196867	0.9784332836270723	0.950527637157171	0.9841386322575857	0.8243185469330442	0.9808869572442862	0.9543295487893534	0.9861165380185403	0.9923297063752302	0.9570158695991092	0.9947189110811965	0.9561000836158927	0.9063435751941454	0.9873712884185314	0.6674393734003825	0.998225923425791	0.9546823786017309	0.955921581009811	0.9787626453297725	0.9587033722165992	0.9991092980495417	0.9988287816023312	1.0	0.9288558477350238	0.9968042252848444	0.9526112259038199	0.9496871443601103	0.989339628373984	0.9646458151695635	0.9936676556646812	0.9787148834570528	0.9908892741729305	0.9791672370497494	0.9945340105362487	0.960484709866129	0.9994101059324311	0.9978018364910617	0.9929320911155994	0.9996738094312926	0.6643846149248173	0.6690360330929486	0.9133048029089877	0.9949768106168528	0.9960749273834902	0.9902670604622924	0.9623638349240153	0.8275841608901878	0.9552697788334845	0.8236111608375281	0.988060076309291	0.9305299408962857	0.9979628279841795	0.9188424785693494	0.99221826859852	0.9989247596241693	0.94285724721543	0.6637938910780457	0.6617067670821711	0.9965580297381461	0.9970999245691176	0.9958604483984579	0.9963770375153478
Basque-BDT	0.708503083146694	0.8395156554600781	0.8430229501467387	0.9850053893312694	0.7757344921011361	0.849608613487606	0.5567943416128949	0.8393621851079015	0.7762428299689625	0.9687645666261262	0.8796198036428197	0.7826161654109547	0.9452956888919274	0.7803837649778473	0.6854699097497363	0.9754535121342831	0.35686279847057867	0.9175731230286419	0.7767094077115272	0.7794620720608368	0.8336287685660665	0.7853294772659496	0.9191389172429254	0.9443388583013665	0.9288558477350238	1.0	0.8965725013123665	0.7724067327672413	0.9977779219207525	0.8761304031509313	0.798968657643848	0.8912959159260709	0.8341083725412385	0.9637488988889624	0.8348082882509544	0.8858656417934382	0.7905533247084471	0.9378005584642348	0.9027796163080329	0.903530113839742	0.9353486436547049	0.35198460057987874	0.35983495241266444	0.6975742018309047	0.9194409207646985	0.8934475530925664	0.9431503105062755	0.7933328763138411	0.5615452316961049	0.7783627208562612	0.5552850471642148	0.8612916378211336	0.731046223504822	0.9368448958216604	0.7075727652418553	0.9643867219098066	0.928614560434851	0.7525563451795717	0.35133721854289857	0.3492298080270465	0.9305940048216694	0.9328687163563169	0.924579042756598	0.9297791175068595
Slovak-SNK	0.9476264818523975	0.9927369103895417	0.9936693771020991	0.9592255654788888	0.9714221414520082	0.9951162159078613	0.8667741494750069	0.9932179137379429	0.9747344852198517	0.9716401433235906	0.9986545233635136	0.9770419766544419	0.9869337818533119	0.9762510593579278	0.9368854905913861	0.9718796744109223	0.7238271383857446	0.9970252290456562	0.9752549752655559	0.9760536651537188	0.9915623538305255	0.978129914762815	0.9981657700332356	0.9922332027272827	0.9968042252848444	0.8965725013123665	1.0	0.9736827613514406	0.9220978294446169	0.9959375585650249	0.9824782381703633	0.9974395654944106	0.9918704746549644	0.9790305998402478	0.9921332439322759	0.9995209123218751	0.9792628507968202	0.9940468451016591	0.999847821134282	0.9938566954554173	0.9952042236749382	0.7211724306270441	0.7251958471411473	0.9426121887300728	0.9925507247989148	0.9997484721687768	0.9821784019008482	0.9807161575323491	0.8688407641922852	0.9757484651086183	0.8660625495470966	0.9971801308724404	0.9566107965740616	0.9931754439783296	0.9470691764173115	0.9802976356768649	0.9960046114965316	0.9660971920810384	0.720616786094854	0.7186231308461112	0.9930181321108469	0.9932432240165522	0.9934615102256507	0.9928563406423552
Spanish-AnCora	0.9954197354634662	0.9929054822947034	0.9926222884821535	0.8697571738903933	0.9937557798678733	0.9905890043202494	0.9571276597618431	0.9935000397901614	0.9997970585750058	0.897225979683831	0.980197576346559	0.9994766765070896	0.9311927572192599	0.9997294558701002	0.9918653897268356	0.8927509622233509	0.8535594609029884	0.9595517834967916	0.9999628502470099	0.9998969493371567	0.9940821750292278	0.9997372889280632	0.9592627512929175	0.9378369949932541	0.9526112259038199	0.7724067327672413	0.9736827613514406	1.0	0.8097730246975329	0.9788496285272972	0.9989949324818641	0.9736337051985889	0.9941554491663769	0.90949461979993	0.9943658954027709	0.9787044297159582	0.9991415971629872	0.9442952561837457	0.9703414401004204	0.962590886559269	0.946846573303203	0.8523053058908567	0.8533297324182847	0.9937768135839672	0.9526513771077633	0.9748521391494838	0.9258037809951762	0.9992181948975497	0.958384156083362	0.9998046398629981	0.9570159224640958	0.98778694738008	0.9968637111922469	0.942691685037949	0.995182319116171	0.9109718784641021	0.9511318329891978	0.999317289779955	0.8518756501666406	0.8500194346014128	0.9455133227179164	0.9449690366409055	0.949086068944299	0.9454991610202791
Finnish-TDT	0.7503425721238988	0.8707325095216973	0.8740677176998308	0.9937048144574759	0.8148089218746315	0.8809021906896782	0.6073692146760449	0.8711625046804926	0.8129144276562041	0.9793245791308887	0.9077222222433098	0.8193571372936445	0.960882378830698	0.8169945645458426	0.7287083737759156	0.9872434869321276	0.415812059298562	0.938741162427636	0.8138480121452716	0.8160783704537455	0.8656515519538668	0.8216601599504949	0.9420281809815719	0.9629935186522407	0.9496871443601103	0.9977779219207525	0.9220978294446169	0.8097730246975329	1.0	0.9029208033573897	0.834112388192421	0.9157444986245894	0.866779823373782	0.9774611824757201	0.8667677846332572	0.9126813179216736	0.825980043750274	0.9565915512713653	0.9275354603311213	0.9251174391340875	0.9554559049811486	0.4108566208869289	0.41915366556983263	0.7402207766469234	0.9386187051133725	0.9196356215517549	0.9576576907880922	0.8291066664137831	0.6105597617464636	0.815462666858	0.6055540507974472	0.891028600859202	0.771384052361888	0.9573969315921051	0.7494962903949098	0.9783233753855997	0.9503114635594938	0.7913368140553361	0.4101843552440109	0.4081915290303791	0.9523745640007379	0.9539014384139092	0.9474681531793339	0.9518848912233402
Ancient_Greek-Perseus	0.9557166429873855	0.9917218153831135	0.9950132550778544	0.9452503452038871	0.9752815150147582	0.9948569535401297	0.8831148826563584	0.9936283159050383	0.9794418083663348	0.9632932950990437	0.9971404601705348	0.9832623031614104	0.9822988589876914	0.9822598421568827	0.9463570650169867	0.958395583314179	0.7517697717871372	0.9937642516726727	0.9800470329885845	0.9808243980854873	0.9905155336160216	0.9818549112312077	0.992216556236598	0.982825367405213	0.989339628373984	0.8761304031509313	0.9959375585650249	0.9788496285272972	0.9029208033573897	1.0	0.986969309168225	0.9985093785243762	0.9923742619905926	0.9723114774778697	0.9940584128202582	0.9956524882988192	0.9850533631384188	0.9862610440857537	0.9948163219556958	0.9959049549750305	0.9873847572682708	0.7503221363991568	0.7524271471727298	0.9507912278932911	0.9905199183246975	0.9946990919232137	0.9804752277724763	0.9830214512953571	0.8821804911568086	0.9813379680988348	0.8823801813861761	0.9963273727103795	0.9675703932199476	0.9846510140929743	0.9546476848440555	0.9715093159208885	0.9887289935485574	0.9710188325138404	0.7498648368019355	0.7479633341656553	0.9846727290113874	0.987235729098411	0.9846269748915714	0.9830480375286935
Romanian-RRT	0.990223247457528	0.9965587655913493	0.9968892683328311	0.8902127376810577	0.9933857202342082	0.9953400563179365	0.9438912996292725	0.9973472265190757	0.9989815962839184	0.9155368854240311	0.9877067240299859	0.9994680198201022	0.9461622568776236	0.999457285791549	0.9853205459426716	0.9111573750268457	0.8332750453127974	0.9708348491450691	0.9992390289520406	0.9993594101675786	0.9972168984434064	0.9995283648986042	0.9704259887500314	0.9517075490089177	0.9646458151695635	0.798968657643848	0.9824782381703633	0.9989949324818641	0.834112388192421	0.986969309168225	1.0	0.9827409462191958	0.9975775859153083	0.9269965301921204	0.9980153220991628	0.9863736338447	0.9996216422603311	0.9574517649176552	0.9796672701395438	0.9734118747941609	0.959703403588891	0.8318927895437337	0.8332403950123027	0.9878659606980589	0.964687732379349	0.9831666843979429	0.9413766132572027	0.9994482091882319	0.9448713515595593	0.9993417770494468	0.9436432832424553	0.9934797810604145	0.9937656591199752	0.9558792679524246	0.9898465383549798	0.9281115648997016	0.9633403690713289	0.9967927091772364	0.8314591964330581	0.8295753418711519	0.9581164093036287	0.9580858797302538	0.9609460344529217	0.9578125858360306
Latin-PROIEL	0.9480008265190897	0.9913457296251371	0.9933149725849014	0.9547973992894477	0.9670222376266454	0.992577165443811	0.8681340768471797	0.9917500806650278	0.9750492929074751	0.97317961826864	0.9959486627194015	0.9773998437555683	0.989334798351698	0.976914798425748	0.9376548078419339	0.9670361111879745	0.7249734246497515	0.9976646849884003	0.9748844603337452	0.9762071051272827	0.989595859177655	0.9776370210165418	0.9945684603961966	0.9879268030806424	0.9936676556646812	0.8912959159260709	0.9974395654944106	0.9736337051985889	0.9157444986245894	0.9985093785243762	0.9827409462191958	1.0	0.9896847912896198	0.9783763458996331	0.9916591195414889	0.9968911836556517	0.980617679443467	0.9919006733054487	0.9969573969067209	0.9985817591142163	0.9916131548646516	0.723304232555748	0.7248351420187993	0.9427017668501803	0.9961282816628557	0.995992876453011	0.987414465641032	0.9794295101836085	0.870773077948314	0.9756514234349372	0.86797830144642	0.9951572331597235	0.9588556431613221	0.987860115239908	0.9471852925126504	0.9783687247746001	0.9915225606440627	0.9656958986048848	0.722903817930937	0.7207193389518243	0.9870411604805855	0.9892267425657655	0.9865739979334344	0.9855256203922416
